"service_id","monday","tuesday","wednesday","thursday","friday","saturday","sunday","start_date","end_date"
1,0,0,0,0,0,0,0,20191016,20191214
2,0,0,0,0,0,0,0,20191016,20191214
3,0,0,0,0,0,1,1,20191016,20191214
4,1,1,1,1,1,0,0,20191016,20191214
5,0,0,0,0,0,1,0,20191016,20191214
6,0,0,0,0,0,0,1,20191016,20191214
7,1,1,1,1,1,0,0,20191016,20191214
8,0,0,0,0,0,0,0,20191016,20191214
9,1,1,1,1,1,0,0,20191016,20191214
10,0,0,0,0,0,0,0,20191016,20191214
11,1,1,1,1,1,1,1,20191016,20191214
12,1,1,1,1,1,1,1,20191016,20191214
13,1,1,1,1,1,0,0,20191016,20191214
14,0,0,0,0,0,0,0,20191016,20191214
15,0,0,0,0,1,0,0,20191016,20191214
16,1,1,1,1,0,0,0,20191016,20191214
17,1,0,0,0,0,0,0,20191016,20191214
18,0,0,0,0,0,0,0,20191016,20191214
19,1,0,0,0,0,0,0,20191016,20191214
20,0,0,0,0,0,0,0,20191016,20191214
21,0,0,0,0,0,0,0,20191016,20191214
22,0,0,0,0,0,0,0,20191016,20191214
23,0,0,0,0,0,0,0,20191016,20191214
24,1,0,0,0,0,0,0,20191016,20191214
25,0,0,0,0,0,0,0,20191016,20191214
26,1,0,0,0,0,0,0,20191016,20191214
27,1,0,0,0,0,0,1,20191016,20191214
28,1,0,0,0,0,0,1,20191016,20191214
29,1,0,0,0,0,0,1,20191016,20191214
30,0,0,0,0,0,0,0,20191016,20191214
31,0,0,0,0,0,0,0,20191016,20191214
32,0,0,0,0,0,0,0,20191016,20191214
33,0,0,0,0,0,0,0,20191016,20191214
34,0,0,0,0,0,0,0,20191016,20191214
35,0,0,0,0,0,0,0,20191016,20191214
36,0,0,0,0,0,0,0,20191016,20191214
37,0,0,0,0,0,0,0,20191016,20191214
38,1,1,1,1,1,0,0,20191016,20191214
39,0,0,0,0,0,0,0,20191016,20191214
40,0,0,0,0,0,0,1,20191016,20191214
41,0,0,0,0,0,0,0,20191016,20191214
42,0,0,0,0,0,0,0,20191016,20191214
43,0,0,0,0,0,0,0,20191016,20191214
44,0,0,0,0,0,0,0,20191016,20191214
45,0,0,0,0,0,0,0,20191016,20191214
46,0,0,0,0,0,0,0,20191016,20191214
47,0,0,0,0,0,0,0,20191016,20191214
48,0,0,0,0,0,0,0,20191016,20191214
49,0,0,0,0,0,0,0,20191016,20191214
50,0,0,0,0,0,0,0,20191016,20191214
51,1,1,1,1,1,1,1,20191016,20191214
52,0,0,0,0,1,1,0,20191016,20191214
53,0,0,0,0,0,0,0,20191016,20191214
54,0,0,0,0,0,1,1,20191016,20191214
55,0,0,0,0,0,1,1,20191016,20191214
56,1,1,1,1,1,1,0,20191016,20191214
57,0,0,0,0,0,0,0,20191016,20191214
58,1,1,1,1,1,1,1,20191016,20191214
59,1,1,1,1,1,1,1,20191016,20191214
60,0,0,0,0,0,0,0,20191016,20191214
61,0,0,0,0,1,1,0,20191016,20191214
62,0,0,0,0,0,0,0,20191016,20191214
63,0,0,0,0,0,0,0,20191016,20191214
64,0,0,0,0,0,0,0,20191016,20191214
65,0,0,0,0,0,0,0,20191016,20191214
66,0,0,0,0,0,0,0,20191016,20191214
67,0,0,0,0,0,1,1,20191016,20191214
68,0,0,0,0,1,1,0,20191016,20191214
69,0,0,0,0,0,1,1,20191016,20191214
70,0,0,0,0,0,0,1,20191016,20191214
71,0,0,0,0,0,0,1,20191016,20191214
72,0,0,0,0,1,1,0,20191016,20191214
73,0,0,0,0,1,1,0,20191016,20191214
74,0,0,0,0,0,0,0,20191016,20191214
75,1,1,1,1,1,0,0,20191016,20191214
76,1,1,1,1,1,0,1,20191016,20191214
77,1,1,1,1,1,1,1,20191016,20191214
78,0,0,0,0,1,1,0,20191016,20191214
79,1,1,1,1,0,0,1,20191016,20191214
80,0,0,0,0,1,0,0,20191016,20191214
81,0,0,0,0,0,0,1,20191016,20191214
82,0,0,0,0,0,0,0,20191016,20191214
83,1,0,0,0,0,0,0,20191016,20191214
84,1,0,0,0,0,0,0,20191016,20191214
85,1,0,0,0,0,0,0,20191016,20191214
86,0,0,0,0,0,0,0,20191016,20191214
87,1,0,0,0,0,0,0,20191016,20191214
88,0,0,0,0,0,0,0,20191016,20191214
89,0,0,0,0,0,0,0,20191016,20191214
90,0,0,0,0,0,0,0,20191016,20191214
91,0,0,0,0,0,0,0,20191016,20191214
92,0,0,0,0,0,0,0,20191016,20191214
93,0,0,0,0,0,0,1,20191016,20191214
94,1,0,0,0,0,0,0,20191016,20191214
95,0,0,0,0,0,0,0,20191016,20191214
96,1,0,0,0,0,0,0,20191016,20191214
97,1,0,0,0,0,0,0,20191016,20191214
98,0,0,0,0,0,0,0,20191016,20191214
99,0,0,0,0,0,0,0,20191016,20191214
100,1,0,0,0,0,0,0,20191016,20191214
101,0,0,0,0,0,1,1,20191016,20191214
102,0,0,0,0,0,0,0,20191016,20191214
103,0,0,0,0,0,0,1,20191016,20191214
104,1,1,1,1,1,1,0,20191016,20191214
105,1,1,1,1,1,1,0,20191016,20191214
106,1,1,1,1,1,1,1,20191016,20191214
107,1,0,0,0,0,0,0,20191016,20191214
108,1,0,0,0,0,0,0,20191016,20191214
109,1,0,0,0,0,0,0,20191016,20191214
110,1,1,1,1,1,1,1,20191016,20191214
111,0,0,0,0,1,1,0,20191016,20191214
112,0,0,0,0,0,0,0,20191016,20191214
113,0,0,0,0,0,0,0,20191016,20191214
114,0,0,0,0,0,0,0,20191016,20191214
115,0,0,0,0,0,0,0,20191016,20191214
116,1,1,1,1,1,0,0,20191016,20191214
117,1,1,1,1,1,0,0,20191016,20191214
118,1,1,1,1,1,1,1,20191016,20191214
119,1,1,1,1,1,1,1,20191016,20191214
120,1,1,1,1,1,1,1,20191016,20191214
121,1,1,1,1,1,1,1,20191016,20191214
122,1,1,1,1,1,1,1,20191016,20191214
123,0,0,0,0,1,1,0,20191016,20191214
124,0,0,0,0,0,0,0,20191016,20191214
125,0,0,0,0,0,0,0,20191016,20191214
126,0,0,0,0,0,0,0,20191016,20191214
127,0,0,0,0,0,0,0,20191016,20191214
128,1,1,1,1,0,0,1,20191016,20191214
129,0,0,0,0,0,0,0,20191016,20191214
130,0,0,0,0,0,0,0,20191016,20191214
131,0,0,0,0,0,1,1,20191016,20191214
132,0,0,0,0,0,0,1,20191016,20191214
133,0,0,0,0,0,1,0,20191016,20191214
134,0,0,0,0,0,1,0,20191016,20191214
135,0,0,0,0,0,1,1,20191016,20191214
136,1,1,1,1,1,1,1,20191016,20191214
137,1,1,1,1,0,1,1,20191016,20191214
138,1,1,1,1,0,0,0,20191016,20191214
139,0,0,0,0,1,1,1,20191016,20191214
140,0,0,0,0,1,0,0,20191016,20191214
141,0,0,0,0,1,1,1,20191016,20191214
142,1,1,1,1,1,1,1,20191016,20191214
143,0,0,0,0,0,0,0,20191016,20191214
144,0,0,0,0,0,0,0,20191016,20191214
145,1,1,1,1,0,0,0,20191016,20191214
146,1,1,1,1,1,0,0,20191016,20191214
147,1,1,1,1,0,0,0,20191016,20191214
148,0,0,0,0,0,0,0,20191016,20191214
149,0,0,0,0,0,0,1,20191016,20191214
150,0,0,0,0,1,1,1,20191016,20191214
151,1,1,1,1,1,1,1,20191016,20191214
152,1,1,1,1,1,1,1,20191016,20191214
153,0,0,0,0,1,1,0,20191016,20191214
154,1,1,1,1,1,1,1,20191016,20191214
155,1,1,1,1,0,0,1,20191016,20191214
156,0,0,0,0,0,0,0,20191016,20191214
157,1,1,1,1,0,0,1,20191016,20191214
158,0,0,0,0,0,0,0,20191016,20191214
159,0,0,0,0,0,1,1,20191016,20191214
160,1,1,1,1,1,1,1,20191016,20191214
161,0,0,0,0,0,0,1,20191016,20191214
162,1,1,1,1,1,1,0,20191016,20191214
163,0,0,0,0,0,0,0,20191016,20191214
164,1,1,1,1,1,1,1,20191016,20191214
165,1,1,1,1,1,0,0,20191016,20191214
166,1,1,1,1,1,0,0,20191016,20191214
167,1,1,1,1,0,0,0,20191016,20191214
168,0,0,0,0,1,1,1,20191016,20191214
169,0,0,0,0,1,1,1,20191016,20191214
170,0,0,0,0,1,1,1,20191016,20191214
171,1,1,1,1,0,1,1,20191016,20191214
172,1,1,1,1,1,1,1,20191016,20191214
173,1,1,1,1,1,1,1,20191016,20191214
174,0,0,0,0,1,1,0,20191016,20191214
175,0,0,0,0,1,1,0,20191016,20191214
176,0,0,0,0,1,0,0,20191016,20191214
177,0,0,0,0,0,0,0,20191016,20191214
178,1,1,1,1,1,0,0,20191016,20191214
179,0,0,0,0,0,0,0,20191016,20191214
180,1,1,1,1,0,0,0,20191016,20191214
181,0,0,0,0,0,0,0,20191016,20191214
182,0,0,0,0,0,1,0,20191016,20191214
183,0,0,0,0,0,1,1,20191016,20191214
184,1,1,1,1,1,0,1,20191016,20191214
185,0,0,0,0,1,1,1,20191016,20191214
186,1,1,1,1,0,1,1,20191016,20191214
187,1,0,0,0,0,0,0,20191016,20191214
188,0,0,0,0,0,0,0,20191016,20191214
189,0,0,0,0,0,0,0,20191016,20191214
190,0,0,0,0,0,0,1,20191016,20191214
191,1,0,0,0,0,0,1,20191016,20191214
192,0,0,0,0,0,0,1,20191016,20191214
193,0,0,0,0,0,0,1,20191016,20191214
194,1,0,0,0,0,0,0,20191016,20191214
195,1,0,0,0,0,0,0,20191016,20191214
196,0,0,0,0,0,0,0,20191016,20191214
197,1,0,0,0,0,0,0,20191016,20191214
198,0,0,0,0,0,0,0,20191016,20191214
199,1,0,0,0,0,0,0,20191016,20191214
200,0,0,0,0,0,0,0,20191016,20191214
201,1,0,0,0,0,0,0,20191016,20191214
202,1,0,0,0,0,0,0,20191016,20191214
203,1,0,0,0,0,0,0,20191016,20191214
204,1,0,0,0,0,0,0,20191016,20191214
205,0,0,0,0,0,0,0,20191016,20191214
206,1,0,0,0,0,0,1,20191016,20191214
207,1,0,0,0,0,0,1,20191016,20191214
208,1,0,0,0,0,0,1,20191016,20191214
209,0,0,0,0,0,0,1,20191016,20191214
210,0,0,0,0,0,0,0,20191016,20191214
211,0,0,0,0,0,0,0,20191016,20191214
212,0,0,0,0,0,0,0,20191016,20191214
213,0,0,0,0,0,0,0,20191016,20191214
214,1,0,0,0,0,0,0,20191016,20191214
215,1,0,0,0,0,0,0,20191016,20191214
216,1,0,0,0,0,0,0,20191016,20191214
217,0,0,0,0,0,0,0,20191016,20191214
218,1,0,0,0,0,0,0,20191016,20191214
219,1,1,1,1,1,1,1,20191016,20191214
220,1,0,0,0,0,0,0,20191016,20191214
221,0,0,0,0,0,0,0,20191016,20191214
222,1,1,1,1,1,1,1,20191016,20191214
223,0,0,0,0,0,0,0,20191016,20191214
224,1,0,0,0,0,0,0,20191016,20191214
225,1,0,0,0,0,0,0,20191016,20191214
226,1,0,0,0,0,0,0,20191016,20191214
227,0,0,0,0,0,0,0,20191016,20191214
228,0,0,0,0,0,0,0,20191016,20191214
229,1,0,0,0,0,0,0,20191016,20191214
230,1,0,0,0,0,0,0,20191016,20191214
231,0,0,0,0,0,0,0,20191016,20191214
232,0,0,0,0,0,0,0,20191016,20191214
233,1,0,0,0,0,0,0,20191016,20191214
234,1,0,0,0,0,0,0,20191016,20191214
235,0,0,0,0,0,0,0,20191016,20191214
236,1,0,0,0,0,0,0,20191016,20191214
237,1,1,1,1,0,0,1,20191016,20191214
238,1,1,1,1,1,1,1,20191016,20191214
239,0,0,0,0,0,0,0,20191016,20191214
240,1,1,1,1,1,0,0,20191016,20191214
241,0,0,0,0,0,0,0,20191016,20191214
242,0,0,0,0,0,1,1,20191016,20191214
243,1,1,1,1,0,0,0,20191016,20191214
244,1,1,1,1,1,0,0,20191016,20191214
245,0,0,0,0,0,1,0,20191016,20191214
246,0,0,0,0,0,1,0,20191016,20191214
247,1,1,1,1,1,0,0,20191016,20191214
248,1,1,1,1,1,0,0,20191016,20191214
249,1,1,1,1,0,0,0,20191016,20191214
250,0,0,0,0,1,0,0,20191016,20191214
251,0,0,0,0,0,1,0,20191016,20191214
252,0,0,0,0,0,0,0,20191016,20191214
253,0,0,0,0,0,0,0,20191016,20191214
254,1,0,0,0,0,0,1,20191016,20191214
255,1,0,0,0,0,0,0,20191016,20191214
256,1,0,0,0,0,0,1,20191016,20191214
257,1,1,1,1,1,0,1,20191016,20191214
258,1,1,1,1,1,1,1,20191016,20191214
259,1,1,1,1,0,0,1,20191016,20191214
260,1,1,1,1,0,0,1,20191016,20191214
261,1,1,1,1,0,0,1,20191016,20191214
262,1,1,1,1,1,0,0,20191016,20191214
263,1,1,1,1,1,1,1,20191016,20191214
264,1,1,1,1,1,1,1,20191016,20191214
265,1,1,1,1,1,1,0,20191016,20191214
266,0,0,0,0,0,0,1,20191016,20191214
267,0,0,0,0,0,0,1,20191016,20191214
268,1,1,1,1,1,1,0,20191016,20191214
269,1,1,1,1,1,1,0,20191016,20191214
270,1,1,1,1,0,0,1,20191016,20191214
271,1,1,1,1,1,0,0,20191016,20191214
272,1,1,1,1,1,1,1,20191016,20191214
273,1,1,1,1,1,0,0,20191016,20191214
274,0,0,0,0,0,1,0,20191016,20191214
275,1,1,1,1,1,0,1,20191016,20191214
276,0,0,0,0,0,1,1,20191016,20191214
277,1,1,1,1,1,0,0,20191016,20191214
278,0,0,0,0,1,0,0,20191016,20191214
279,1,1,1,1,0,0,0,20191016,20191214
280,0,0,0,0,0,1,0,20191016,20191214
281,1,1,1,1,0,0,1,20191016,20191214
282,0,0,0,0,0,0,0,20191016,20191214
283,0,0,0,0,0,0,0,20191016,20191214
284,0,0,0,0,0,0,0,20191016,20191214
285,0,0,0,0,0,0,0,20191016,20191214
286,0,0,0,0,0,0,0,20191016,20191214
287,1,0,0,0,0,0,0,20191016,20191214
288,1,1,1,1,0,0,1,20191016,20191214
289,1,1,1,1,0,0,1,20191016,20191214
290,0,0,0,0,0,1,0,20191016,20191214
291,0,0,0,0,0,0,1,20191016,20191214
292,1,1,1,1,1,1,0,20191016,20191214
293,1,1,1,1,1,0,0,20191016,20191214
294,1,1,1,1,0,0,1,20191016,20191214
295,1,1,1,1,1,0,1,20191016,20191214
296,0,0,0,0,1,0,0,20191016,20191214
297,0,0,0,0,0,0,0,20191016,20191214
298,1,1,1,1,0,0,1,20191016,20191214
299,1,1,1,1,1,1,1,20191016,20191214
300,1,1,1,1,1,0,1,20191016,20191214
301,1,1,1,1,1,1,1,20191016,20191214
302,1,1,1,1,1,1,0,20191016,20191214
303,1,0,0,0,0,0,1,20191016,20191214
304,1,0,0,0,0,0,1,20191016,20191214
305,1,1,1,1,1,1,0,20191016,20191214
306,0,0,0,0,0,0,1,20191016,20191214
307,1,1,1,1,1,1,1,20191016,20191214
308,1,1,1,1,1,0,1,20191016,20191214
309,0,0,0,0,0,1,0,20191016,20191214
310,0,0,0,0,1,0,0,20191016,20191214
311,1,1,1,1,0,1,1,20191016,20191214
312,1,1,1,1,0,1,1,20191016,20191214
313,1,1,1,1,0,0,1,20191016,20191214
314,0,0,0,0,1,1,0,20191016,20191214
315,1,1,1,1,1,1,1,20191016,20191214
316,0,0,0,0,1,1,0,20191016,20191214
317,1,1,1,1,0,0,0,20191016,20191214
318,0,0,0,0,0,0,1,20191016,20191214
319,0,0,0,0,1,1,0,20191016,20191214
320,1,1,1,1,1,1,1,20191016,20191214
321,1,0,0,0,0,0,0,20191016,20191214
322,0,0,0,0,0,0,0,20191016,20191214
323,0,0,0,0,0,0,0,20191016,20191214
324,0,0,0,0,0,1,1,20191016,20191214
325,0,1,0,1,0,0,0,20191016,20191214
326,1,1,1,1,1,0,0,20191016,20191214
327,0,0,0,0,0,0,0,20191016,20191214
328,0,0,1,0,0,0,0,20191016,20191214
329,1,1,1,1,1,0,0,20191016,20191214
330,0,1,1,1,0,0,0,20191016,20191214
331,0,0,0,0,0,1,1,20191016,20191214
332,0,1,0,0,0,0,0,20191016,20191214
333,0,0,0,0,0,0,0,20191016,20191214
334,0,0,0,0,0,0,0,20191016,20191214
335,1,1,1,1,1,0,0,20191016,20191214
336,0,0,0,0,0,0,1,20191016,20191214
337,1,1,1,1,1,1,0,20191016,20191214
338,0,0,0,0,0,1,0,20191016,20191214
339,1,1,1,1,1,1,1,20191016,20191214
340,1,0,1,1,1,0,0,20191016,20191214
341,0,0,0,0,0,0,1,20191016,20191214
342,1,1,1,1,1,1,0,20191016,20191214
343,0,0,0,0,0,0,0,20191016,20191214
344,0,0,0,0,0,1,0,20191016,20191214
345,0,0,0,0,0,0,0,20191016,20191214
346,1,0,1,0,1,0,0,20191016,20191214
347,0,0,0,0,1,1,0,20191016,20191214
348,0,0,0,0,1,1,0,20191016,20191214
349,0,0,0,0,0,0,0,20191016,20191214
350,0,0,0,0,0,0,1,20191016,20191214
351,1,1,1,1,0,0,0,20191016,20191214
352,0,0,0,0,0,1,1,20191016,20191214
353,0,0,0,0,0,0,0,20191016,20191214
354,0,0,0,0,0,0,0,20191016,20191214
355,0,0,0,0,0,0,0,20191016,20191214
356,0,0,0,0,0,0,0,20191016,20191214
357,0,0,0,0,0,0,0,20191016,20191214
358,0,0,0,0,0,0,0,20191016,20191214
359,0,0,0,0,0,0,0,20191016,20191214
360,1,1,1,1,1,0,0,20191016,20191214
361,0,0,0,0,0,0,0,20191016,20191214
362,1,1,1,1,1,0,0,20191016,20191214
363,0,0,0,0,0,0,0,20191016,20191214
364,0,1,0,0,1,0,0,20191016,20191214
365,0,1,0,0,1,0,0,20191016,20191214
366,0,0,0,0,0,0,0,20191016,20191214
367,0,0,0,0,0,1,1,20191016,20191214
368,1,1,1,1,1,0,0,20191016,20191214
369,0,0,0,0,0,1,1,20191016,20191214
370,0,0,0,0,0,0,0,20191016,20191214
371,0,0,0,0,0,1,1,20191016,20191214
372,0,0,1,0,0,0,0,20191016,20191214
373,0,0,0,0,0,1,0,20191016,20191214
374,1,0,1,1,0,0,0,20191016,20191214
375,0,1,0,0,1,0,0,20191016,20191214
376,1,1,0,1,1,0,0,20191016,20191214
377,0,0,0,0,1,0,0,20191016,20191214
378,1,1,1,1,1,0,0,20191016,20191214
379,1,1,1,1,1,0,0,20191016,20191214
380,0,0,0,0,0,0,0,20191016,20191214
381,0,0,0,0,0,0,0,20191016,20191214
382,1,1,1,1,0,0,0,20191016,20191214
383,0,0,0,1,0,0,0,20191016,20191214
384,1,1,1,1,1,0,0,20191016,20191214
385,0,0,0,0,0,0,0,20191016,20191214
386,0,0,0,0,0,1,0,20191016,20191214
387,0,0,0,0,0,0,0,20191016,20191214
388,1,1,1,1,1,0,0,20191016,20191214
389,0,0,0,0,0,0,0,20191016,20191214
390,0,0,0,0,0,0,0,20191016,20191214
391,0,1,0,0,1,0,0,20191016,20191214
392,1,1,0,0,0,0,0,20191016,20191214
393,1,1,0,0,0,0,0,20191016,20191214
394,1,1,0,1,1,0,0,20191016,20191214
395,1,1,1,1,1,1,1,20191016,20191214
396,0,0,0,0,0,1,1,20191016,20191214
397,1,1,1,1,0,0,0,20191016,20191214
398,1,1,1,1,1,0,0,20191016,20191214
399,0,0,0,0,0,0,0,20191016,20191214
400,0,0,0,0,0,0,0,20191016,20191214
401,1,1,1,1,1,0,0,20191016,20191214
402,0,0,0,0,0,0,0,20191016,20191214
403,1,0,1,1,1,0,0,20191016,20191214
404,1,0,0,1,1,0,0,20191016,20191214
405,1,0,1,1,0,0,0,20191016,20191214
406,1,1,1,1,1,0,0,20191016,20191214
407,0,0,0,0,0,0,0,20191016,20191214
408,0,0,0,0,0,0,0,20191016,20191214
409,0,0,0,0,0,1,1,20191016,20191214
410,0,0,0,0,0,0,0,20191016,20191214
411,0,0,0,0,0,0,0,20191016,20191214
412,0,0,0,0,0,0,0,20191016,20191214
413,0,0,0,0,0,0,0,20191016,20191214
414,1,1,0,1,0,0,0,20191016,20191214
415,0,0,1,0,1,0,0,20191016,20191214
416,0,0,0,0,0,1,0,20191016,20191214
417,0,1,1,1,1,0,0,20191016,20191214
418,1,0,0,0,0,0,0,20191016,20191214
419,0,0,0,0,0,0,0,20191016,20191214
420,1,0,0,0,0,0,0,20191016,20191214
421,0,1,0,1,0,0,0,20191016,20191214
422,0,0,0,0,0,0,0,20191016,20191214
423,0,1,0,1,1,0,0,20191016,20191214
424,0,0,0,0,0,0,1,20191016,20191214
425,0,0,0,0,0,1,0,20191016,20191214
426,1,1,1,1,1,1,1,20191016,20191214
427,0,0,0,0,0,1,0,20191016,20191214
428,1,0,0,0,1,0,0,20191016,20191214
429,1,0,1,1,1,0,0,20191016,20191214
430,0,1,0,0,1,0,0,20191016,20191214
431,1,1,1,1,1,0,0,20191016,20191214
432,0,0,0,0,0,0,0,20191016,20191214
433,0,0,0,0,0,0,0,20191016,20191214
434,0,0,0,0,0,0,0,20191016,20191214
435,0,0,0,0,0,0,0,20191016,20191214
436,1,1,1,1,1,0,0,20191016,20191214
437,1,1,1,1,1,0,0,20191016,20191214
438,0,0,0,0,0,0,0,20191016,20191214
439,1,1,1,1,1,0,0,20191016,20191214
440,1,1,1,0,1,0,0,20191016,20191214
441,1,1,1,0,0,0,0,20191016,20191214
442,0,0,0,0,0,0,0,20191016,20191214
443,0,0,0,0,0,0,0,20191016,20191214
444,0,0,0,0,0,0,0,20191016,20191214
445,1,1,1,1,0,0,0,20191016,20191214
446,0,0,0,0,1,0,0,20191016,20191214
447,0,0,0,0,1,0,0,20191016,20191214
448,0,0,0,0,0,0,0,20191016,20191214
449,0,1,0,0,0,0,0,20191016,20191214
450,0,0,0,0,0,0,0,20191016,20191214
451,0,0,0,0,0,0,0,20191016,20191214
452,0,0,0,0,0,1,1,20191016,20191214
453,0,0,0,0,1,0,0,20191016,20191214
454,0,0,0,0,0,0,1,20191016,20191214
455,0,0,0,0,0,1,0,20191016,20191214
456,0,1,1,1,0,0,0,20191016,20191214
457,1,1,1,1,1,1,1,20191016,20191214
458,0,0,0,0,0,1,1,20191016,20191214
459,0,0,0,0,0,1,0,20191016,20191214
460,0,0,0,0,0,0,1,20191016,20191214
461,0,0,0,0,0,0,0,20191016,20191214
462,0,0,0,0,0,1,1,20191016,20191214
463,1,1,1,1,1,0,0,20191016,20191214
464,1,1,1,1,1,1,0,20191016,20191214
465,0,0,0,0,0,1,0,20191016,20191214
466,1,1,1,1,1,1,1,20191016,20191214
467,0,0,0,0,0,1,1,20191016,20191214
468,0,0,0,0,1,1,0,20191016,20191214
469,0,0,0,0,0,0,0,20191016,20191214
470,1,1,1,1,1,1,0,20191016,20191214
471,0,0,0,0,0,0,0,20191016,20191214
472,0,0,0,0,0,0,0,20191016,20191214
473,0,0,0,0,0,1,0,20191016,20191214
474,1,1,1,1,1,1,0,20191016,20191214
475,0,0,0,0,0,0,0,20191016,20191214
476,0,0,0,0,0,0,0,20191016,20191214
477,1,1,1,1,1,0,0,20191016,20191214
478,1,1,1,1,1,1,0,20191016,20191214
479,0,0,0,0,0,0,0,20191016,20191214
480,1,0,0,0,0,0,0,20191016,20191214
481,0,0,0,0,0,0,0,20191016,20191214
482,1,1,1,1,1,1,1,20191016,20191214
483,1,1,1,1,1,1,1,20191016,20191214
484,0,0,0,0,0,1,1,20191016,20191214
485,0,0,0,0,0,1,1,20191016,20191214
486,0,0,0,0,0,1,1,20191016,20191214
487,0,0,0,0,0,0,0,20191016,20191214
488,0,0,0,0,0,0,0,20191016,20191214
489,0,0,0,0,0,1,0,20191016,20191214
490,0,0,0,0,0,0,1,20191016,20191214
491,0,0,0,0,0,0,0,20191016,20191214
492,1,1,1,1,1,0,0,20191016,20191214
493,0,0,0,0,0,0,0,20191016,20191214
494,1,0,1,1,1,0,0,20191016,20191214
495,0,0,0,0,0,0,0,20191016,20191214
496,0,0,0,0,1,1,0,20191016,20191214
497,0,0,0,0,0,0,1,20191016,20191214
498,1,1,1,1,1,0,0,20191016,20191214
499,1,1,1,1,1,0,0,20191016,20191214
500,1,1,1,1,1,0,0,20191016,20191214
501,0,0,0,0,0,0,0,20191016,20191214
502,1,1,0,0,1,0,0,20191016,20191214
503,0,0,0,0,0,0,1,20191016,20191214
504,0,0,0,0,0,0,0,20191016,20191214
505,0,0,0,0,0,0,0,20191016,20191214
506,0,0,0,0,0,0,0,20191016,20191214
507,0,0,0,0,0,0,0,20191016,20191214
508,0,0,0,0,0,0,0,20191016,20191214
509,0,0,0,0,0,0,0,20191016,20191214
510,0,0,0,0,0,0,0,20191016,20191214
511,0,0,0,0,0,0,0,20191016,20191214
512,0,0,0,0,0,0,0,20191016,20191214
513,0,0,0,0,0,0,0,20191016,20191214
514,0,0,0,0,0,0,0,20191016,20191214
515,0,0,0,0,0,0,0,20191016,20191214
516,0,0,0,0,0,0,0,20191016,20191214
517,0,0,0,0,0,0,0,20191016,20191214
518,0,0,0,0,0,0,0,20191016,20191214
519,0,0,0,0,0,0,0,20191016,20191214
520,0,0,0,0,0,0,0,20191016,20191214
521,0,0,0,0,0,0,0,20191016,20191214
522,0,0,0,0,0,0,0,20191016,20191214
523,0,0,0,0,0,0,0,20191016,20191214
524,0,0,0,0,0,0,0,20191016,20191214
525,0,0,0,0,0,0,0,20191016,20191214
526,0,0,0,0,0,0,0,20191016,20191214
527,1,1,1,1,1,0,0,20191016,20191214
528,1,1,1,1,1,0,0,20191016,20191214
529,0,0,0,0,0,1,1,20191016,20191214
530,1,1,1,1,1,0,0,20191016,20191214
531,0,0,0,0,0,0,0,20191016,20191214
532,1,1,1,1,0,0,0,20191016,20191214
533,0,0,0,0,0,1,1,20191016,20191214
534,1,1,1,1,1,1,1,20191016,20191214
535,0,0,0,0,0,0,0,20191016,20191214
536,1,1,1,1,1,1,1,20191016,20191214
537,0,0,0,0,0,0,0,20191016,20191214
538,1,1,1,1,1,0,0,20191016,20191214
539,1,1,1,1,1,1,1,20191016,20191214
540,1,1,1,1,1,1,1,20191016,20191214
541,0,0,0,0,0,0,0,20191016,20191214
542,0,0,0,0,0,0,0,20191016,20191214
543,1,1,1,1,1,0,0,20191016,20191214
544,1,1,1,1,1,1,1,20191016,20191214
545,0,0,0,0,0,0,0,20191016,20191214
546,0,0,0,0,0,0,0,20191016,20191214
547,0,0,0,0,0,0,0,20191016,20191214
548,0,0,0,0,0,0,0,20191016,20191214
549,1,1,1,1,1,0,0,20191016,20191214
550,0,0,0,0,0,1,1,20191016,20191214
551,0,0,0,0,0,0,0,20191016,20191214
552,0,0,0,0,0,0,0,20191016,20191214
553,1,1,1,1,1,1,1,20191016,20191214
554,0,0,0,0,0,0,0,20191016,20191214
555,0,0,0,0,0,1,1,20191016,20191214
556,0,0,0,0,0,0,1,20191016,20191214
557,0,0,0,0,0,0,1,20191016,20191214
558,1,1,1,1,1,1,1,20191016,20191214
559,0,0,0,0,0,0,0,20191016,20191214
560,0,0,0,0,0,0,0,20191016,20191214
561,0,0,0,0,0,0,0,20191016,20191214
562,1,1,1,1,1,1,1,20191016,20191214
563,0,0,0,0,0,0,0,20191016,20191214
564,1,1,1,1,1,0,0,20191016,20191214
565,0,0,0,0,0,1,1,20191016,20191214
566,1,1,1,1,1,1,1,20191016,20191214
567,1,1,1,1,1,1,1,20191016,20191214
568,1,1,1,1,1,1,0,20191016,20191214
569,0,0,0,0,0,0,1,20191016,20191214
570,0,0,0,0,0,0,0,20191016,20191214
571,0,0,0,0,0,0,0,20191016,20191214
572,0,0,0,0,0,0,0,20191016,20191214
573,1,1,1,1,1,1,1,20191016,20191214
574,1,1,1,1,1,1,1,20191016,20191214
575,1,1,1,1,1,1,1,20191016,20191214
576,0,0,0,0,0,1,0,20191016,20191214
577,1,1,1,1,1,1,0,20191016,20191214
578,0,0,0,0,0,0,0,20191016,20191214
579,0,0,0,0,0,0,0,20191016,20191214
580,1,1,1,1,1,1,1,20191016,20191214
581,1,1,1,1,1,0,0,20191016,20191214
582,1,1,0,1,1,1,0,20191016,20191214
583,1,1,1,1,1,1,1,20191016,20191214
584,0,0,0,0,0,0,1,20191016,20191214
585,0,0,0,0,0,0,0,20191016,20191214
586,0,0,0,0,0,0,0,20191016,20191214
587,0,0,0,0,0,0,0,20191016,20191214
588,1,1,1,1,1,1,1,20191016,20191214
589,0,0,0,0,0,1,1,20191016,20191214
590,0,0,0,0,0,1,1,20191016,20191214
591,1,1,1,1,1,1,1,20191016,20191214
592,1,1,1,1,1,1,1,20191016,20191214
593,1,1,1,1,1,1,1,20191016,20191214
594,1,1,1,1,1,1,1,20191016,20191214
595,1,1,1,1,1,1,1,20191016,20191214
596,0,0,0,0,0,1,1,20191016,20191214
597,1,1,1,1,1,1,1,20191016,20191214
598,1,1,1,1,1,1,1,20191016,20191214
599,1,1,1,1,1,1,1,20191016,20191214
600,0,0,0,0,0,0,0,20191016,20191214
601,1,1,1,1,1,1,1,20191016,20191214
602,1,1,1,1,1,1,1,20191016,20191214
603,0,0,0,0,0,0,0,20191016,20191214
604,1,1,1,1,1,0,0,20191016,20191214
605,1,1,1,1,1,1,1,20191016,20191214
606,1,1,1,1,1,1,1,20191016,20191214
607,1,1,1,1,1,1,1,20191016,20191214
608,1,1,1,1,1,1,1,20191016,20191214
609,1,1,1,1,1,0,0,20191016,20191214
610,0,0,0,0,0,1,1,20191016,20191214
611,0,0,0,0,0,0,0,20191016,20191214
612,0,0,0,0,0,0,0,20191016,20191214
613,1,1,1,1,1,1,1,20191016,20191214
614,1,1,1,1,1,1,1,20191016,20191214
615,1,0,0,0,0,1,1,20191016,20191214
616,0,1,1,1,1,0,0,20191016,20191214
617,1,1,1,1,1,1,1,20191016,20191214
618,1,1,1,1,1,1,1,20191016,20191214
619,0,0,0,0,0,0,0,20191016,20191214
620,1,1,1,1,0,0,1,20191016,20191214
621,1,1,1,1,1,1,1,20191016,20191214
622,0,0,0,0,1,1,0,20191016,20191214
623,0,0,0,0,0,1,1,20191016,20191214
624,1,1,1,1,1,1,1,20191016,20191214
625,0,0,0,0,1,0,0,20191016,20191214
626,0,0,0,0,0,0,0,20191016,20191214
627,0,0,0,0,0,0,0,20191016,20191214
628,1,1,1,1,1,1,1,20191016,20191214
629,1,1,1,1,1,1,1,20191016,20191214
630,1,1,1,1,1,1,1,20191016,20191214
631,1,1,1,1,1,1,1,20191016,20191214
632,0,0,0,0,0,0,0,20191016,20191214
633,1,1,1,1,1,0,1,20191016,20191214
634,1,1,1,1,1,1,1,20191016,20191214
635,0,0,0,0,0,0,0,20191016,20191214
636,1,1,1,1,1,1,1,20191016,20191214
637,0,0,0,0,0,1,1,20191016,20191214
638,1,1,1,1,0,1,1,20191016,20191214
639,1,1,0,0,1,0,1,20191016,20191214
640,1,1,0,0,1,1,1,20191016,20191214
641,1,1,1,1,1,1,0,20191016,20191214
642,1,1,1,1,1,0,0,20191016,20191214
643,1,1,1,1,0,0,0,20191016,20191214
644,0,0,0,0,1,1,1,20191016,20191214
645,0,0,0,0,1,0,1,20191016,20191214
646,1,1,1,1,0,0,0,20191016,20191214
647,0,0,0,0,0,0,0,20191016,20191214
648,0,0,0,0,0,0,0,20191016,20191214
649,1,1,1,1,1,1,1,20191016,20191214
650,0,0,0,0,0,0,0,20191016,20191214
651,0,1,1,1,1,0,0,20191016,20191214
652,0,0,0,0,0,0,0,20191016,20191214
653,1,0,0,0,0,0,0,20191016,20191214
654,1,1,1,1,1,1,1,20191016,20191214
655,0,0,0,0,0,0,0,20191016,20191214
656,1,1,1,1,1,0,1,20191016,20191214
657,1,1,1,1,1,1,1,20191016,20191214
658,1,1,1,1,0,1,0,20191016,20191214
659,0,0,0,0,0,0,0,20191016,20191214
660,1,1,1,1,1,1,1,20191016,20191214
661,1,1,1,1,0,1,0,20191016,20191214
662,1,1,1,1,0,0,0,20191016,20191214
663,1,1,1,1,1,0,0,20191016,20191214
664,0,0,0,0,0,0,0,20191016,20191214
665,0,0,0,0,1,1,1,20191016,20191214
666,0,1,0,0,1,0,1,20191016,20191214
667,1,1,1,1,1,1,0,20191016,20191214
668,1,1,1,1,1,1,1,20191016,20191214
669,0,0,0,0,0,0,0,20191016,20191214
670,0,0,0,0,0,0,0,20191016,20191214
671,0,0,0,0,0,0,0,20191016,20191214
672,0,0,0,0,0,0,0,20191016,20191214
673,0,0,0,0,0,0,0,20191016,20191214
674,0,0,0,0,0,0,0,20191016,20191214
675,0,0,0,0,0,0,0,20191016,20191214
676,1,1,1,1,1,1,0,20191016,20191214
677,1,1,1,1,1,1,1,20191016,20191214
678,1,1,1,1,0,0,1,20191016,20191214
679,0,0,0,0,0,0,0,20191016,20191214
680,0,0,0,0,0,0,0,20191016,20191214
681,0,0,0,0,0,0,0,20191016,20191214
682,0,0,0,0,0,0,0,20191016,20191214
683,0,0,0,0,0,0,0,20191016,20191214
684,0,0,0,0,0,0,0,20191016,20191214
685,0,0,0,0,0,0,0,20191016,20191214
686,0,0,0,0,0,0,0,20191016,20191214
687,0,0,0,0,0,0,0,20191016,20191214
688,0,0,0,0,0,0,0,20191016,20191214
689,0,0,0,0,0,0,0,20191016,20191214
690,1,1,1,1,1,1,1,20191016,20191214
691,0,0,0,0,0,0,0,20191016,20191214
692,0,0,0,0,0,1,1,20191016,20191214
693,0,0,0,0,0,0,0,20191016,20191214
694,0,1,1,0,0,0,0,20191016,20191214
695,1,0,0,1,1,1,1,20191016,20191214
696,1,1,1,1,1,1,1,20191016,20191214
697,0,0,0,0,0,0,0,20191016,20191214
698,1,1,1,1,0,0,1,20191016,20191214
699,0,0,0,0,0,0,0,20191016,20191214
700,0,0,0,0,0,0,0,20191016,20191214
701,1,1,1,1,1,0,0,20191016,20191214
702,0,0,0,0,0,0,0,20191016,20191214
703,0,0,1,1,1,0,0,20191016,20191214
704,1,1,0,0,0,0,0,20191016,20191214
705,0,0,0,0,0,0,0,20191016,20191214
706,0,0,0,0,0,0,0,20191016,20191214
707,1,1,1,1,1,1,0,20191016,20191214
708,0,0,0,0,0,1,1,20191016,20191214
709,1,1,1,1,1,0,0,20191016,20191214
710,1,1,1,1,1,0,0,20191016,20191214
711,0,0,0,0,0,0,0,20191016,20191214
712,0,0,0,0,0,0,0,20191016,20191214
713,0,0,0,0,0,0,0,20191016,20191214
714,1,1,1,1,1,1,1,20191016,20191214
715,1,1,1,1,1,1,1,20191016,20191214
716,0,0,0,0,0,0,0,20191016,20191214
717,1,1,1,1,1,1,1,20191016,20191214
718,0,1,1,0,0,0,0,20191016,20191214
719,1,0,0,1,1,0,0,20191016,20191214
720,0,0,0,0,0,1,1,20191016,20191214
721,1,1,1,1,1,1,1,20191016,20191214
722,1,1,1,1,1,0,0,20191016,20191214
723,0,0,0,0,0,0,0,20191016,20191214
724,0,0,0,0,0,0,0,20191016,20191214
725,0,0,0,0,0,0,0,20191016,20191214
726,0,0,0,0,0,0,0,20191016,20191214
727,0,0,0,0,0,0,0,20191016,20191214
728,1,1,1,1,1,1,1,20191016,20191214
729,1,1,1,1,1,1,1,20191016,20191214
730,0,0,0,0,0,0,0,20191016,20191214
731,0,0,0,0,0,1,1,20191016,20191214
732,1,1,1,1,0,0,0,20191016,20191214
733,1,1,1,1,1,1,1,20191016,20191214
734,0,0,0,0,0,0,0,20191016,20191214
735,0,0,0,0,0,0,0,20191016,20191214
736,0,0,1,1,1,1,1,20191016,20191214
737,1,1,0,0,0,0,0,20191016,20191214
738,0,0,0,0,0,0,0,20191016,20191214
739,0,0,0,0,0,1,1,20191016,20191214
740,0,0,0,0,0,0,0,20191016,20191214
741,1,1,1,1,1,1,1,20191016,20191214
742,0,0,0,0,0,1,1,20191016,20191214
743,1,1,1,1,1,1,0,20191016,20191214
744,1,1,1,1,1,0,0,20191016,20191214
745,1,1,1,1,0,0,0,20191016,20191214
746,1,1,1,1,0,0,0,20191016,20191214
747,0,0,0,0,0,0,0,20191016,20191214
748,0,0,0,0,0,0,0,20191016,20191214
749,1,1,0,0,1,1,1,20191016,20191214
750,0,0,0,0,0,0,0,20191016,20191214
751,0,0,0,0,0,0,0,20191016,20191214
752,0,0,0,0,0,1,1,20191016,20191214
753,1,1,1,1,1,1,1,20191016,20191214
754,1,1,1,1,1,0,0,20191016,20191214
755,0,1,1,0,0,0,0,20191016,20191214
756,1,0,0,1,1,1,1,20191016,20191214
757,1,0,0,1,1,1,1,20191016,20191214
758,0,1,1,0,0,0,0,20191016,20191214
759,0,0,0,0,0,0,0,20191016,20191214
760,0,0,1,1,1,1,1,20191016,20191214
761,1,1,0,0,0,0,0,20191016,20191214
762,1,1,1,1,1,0,0,20191016,20191214
763,0,0,0,0,0,0,0,20191016,20191214
764,1,1,1,1,1,1,1,20191016,20191214
765,1,1,1,1,1,1,1,20191016,20191214
766,1,1,1,1,1,1,1,20191016,20191214
767,1,1,1,1,1,1,1,20191016,20191214
768,0,0,0,0,0,0,0,20191016,20191214
769,1,1,1,1,1,1,0,20191016,20191214
770,1,1,1,1,1,1,1,20191016,20191214
771,1,1,1,1,0,1,1,20191016,20191214
772,0,0,0,0,0,0,1,20191016,20191214
773,1,1,1,1,1,1,0,20191016,20191214
774,1,1,1,1,1,0,0,20191016,20191214
775,0,0,0,0,0,0,0,20191016,20191214
776,1,1,1,1,1,0,0,20191016,20191214
777,0,0,0,0,0,0,0,20191016,20191214
778,1,1,1,1,1,1,1,20191016,20191214
779,0,0,0,0,0,0,0,20191016,20191214
780,1,1,1,1,1,1,1,20191016,20191214
781,0,0,0,0,0,1,1,20191016,20191214
782,0,0,0,0,0,0,0,20191016,20191214
783,1,1,1,1,1,0,0,20191016,20191214
784,1,1,1,1,1,1,1,20191016,20191214
785,1,1,1,1,1,0,1,20191016,20191214
786,0,0,0,0,0,0,0,20191016,20191214
787,0,0,0,0,0,1,0,20191016,20191214
788,1,1,1,1,1,0,0,20191016,20191214
789,0,0,0,0,0,0,0,20191016,20191214
790,0,0,0,0,0,0,0,20191016,20191214
791,0,0,0,1,1,0,0,20191016,20191214
792,1,1,1,0,0,0,0,20191016,20191214
793,1,1,1,0,0,1,1,20191016,20191214
794,1,1,1,0,1,0,0,20191016,20191214
795,0,0,1,0,1,0,0,20191016,20191214
796,1,1,0,1,0,0,0,20191016,20191214
797,1,1,1,1,1,0,0,20191016,20191214
798,0,1,0,1,0,0,0,20191016,20191214
799,1,1,1,1,0,0,0,20191016,20191214
800,0,0,0,0,0,0,0,20191016,20191214
801,0,0,0,0,0,0,0,20191016,20191214
802,0,0,0,1,0,0,0,20191016,20191214
803,0,0,0,0,0,0,0,20191016,20191214
804,0,1,0,1,0,0,0,20191016,20191214
805,0,0,0,0,0,1,1,20191016,20191214
806,0,1,1,1,1,0,0,20191016,20191214
807,1,0,0,0,0,0,0,20191016,20191214
808,0,0,0,0,0,0,0,20191016,20191214
809,0,1,1,1,1,0,0,20191016,20191214
810,1,1,1,0,1,1,1,20191016,20191214
811,0,0,0,0,0,1,1,20191016,20191214
812,0,1,1,0,0,0,0,20191016,20191214
813,0,0,0,0,0,1,0,20191016,20191214
814,1,1,1,1,1,0,0,20191016,20191214
815,1,1,1,1,1,1,1,20191016,20191214
816,0,0,0,0,0,1,1,20191016,20191214
817,0,0,0,0,0,0,0,20191016,20191214
818,0,1,0,0,1,0,0,20191016,20191214
819,0,0,0,0,0,0,0,20191016,20191214
820,1,0,1,1,0,1,0,20191016,20191214
821,1,1,1,1,1,1,1,20191016,20191214
822,1,0,1,0,0,0,0,20191016,20191214
823,1,0,1,0,0,1,0,20191016,20191214
824,0,0,0,0,0,1,1,20191016,20191214
825,0,0,0,1,0,0,0,20191016,20191214
826,0,0,0,0,0,0,0,20191016,20191214
827,0,1,0,0,0,0,0,20191016,20191214
828,0,0,0,0,0,0,0,20191016,20191214
829,1,0,1,0,1,1,0,20191016,20191214
830,0,0,0,0,0,0,0,20191016,20191214
831,1,1,1,0,1,0,0,20191016,20191214
832,0,0,0,0,0,0,0,20191016,20191214
833,1,1,0,1,1,0,0,20191016,20191214
834,0,0,0,0,0,0,0,20191016,20191214
835,0,0,1,0,0,0,0,20191016,20191214
836,0,0,0,1,0,0,0,20191016,20191214
837,0,0,0,0,0,0,0,20191016,20191214
838,1,0,1,1,0,0,0,20191016,20191214
839,0,1,0,0,1,0,0,20191016,20191214
840,0,0,0,0,0,0,0,20191016,20191214
841,0,0,0,0,0,1,1,20191016,20191214
842,0,1,1,1,1,0,0,20191016,20191214
843,0,0,1,0,0,0,0,20191016,20191214
844,1,1,0,1,1,0,0,20191016,20191214
845,0,0,0,0,0,0,0,20191016,20191214
846,0,0,0,0,0,0,0,20191016,20191214
847,1,0,1,0,1,0,0,20191016,20191214
848,0,0,0,0,0,0,0,20191016,20191214
849,0,0,0,0,1,0,0,20191016,20191214
850,0,0,0,0,0,0,0,20191016,20191214
851,1,1,1,1,1,0,0,20191016,20191214
852,0,0,0,0,0,0,0,20191016,20191214
853,0,1,1,1,0,0,0,20191016,20191214
854,0,1,1,1,1,0,0,20191016,20191214
855,1,0,1,1,0,0,0,20191016,20191214
856,1,1,1,1,1,0,0,20191016,20191214
857,0,0,0,0,0,0,0,20191016,20191214
858,0,0,0,0,0,0,0,20191016,20191214
859,0,0,0,0,0,1,1,20191016,20191214
860,0,0,0,0,0,1,1,20191016,20191214
861,0,0,0,0,0,1,1,20191016,20191214
862,0,0,0,0,0,0,0,20191016,20191214
863,0,0,0,0,0,0,0,20191016,20191214
864,0,0,0,0,0,0,0,20191016,20191214
865,0,0,0,0,0,0,0,20191016,20191214
866,0,0,0,0,0,0,0,20191016,20191214
867,0,0,0,0,0,0,0,20191016,20191214
868,0,0,0,0,1,0,0,20191016,20191214
869,1,1,1,1,0,0,0,20191016,20191214
870,0,0,0,0,0,0,0,20191016,20191214
871,0,0,0,0,1,0,0,20191016,20191214
872,1,1,1,1,0,0,0,20191016,20191214
873,0,0,0,0,0,0,0,20191016,20191214
874,0,0,0,0,0,0,0,20191016,20191214
875,0,0,0,0,0,0,0,20191016,20191214
876,0,0,0,0,0,0,0,20191016,20191214
877,0,0,1,1,1,0,0,20191016,20191214
878,0,1,1,1,1,0,0,20191016,20191214
879,1,0,0,0,0,0,0,20191016,20191214
880,0,0,0,0,0,0,0,20191016,20191214
881,1,1,1,1,1,1,1,20191016,20191214
882,0,0,0,0,0,0,1,20191016,20191214
883,0,0,0,0,0,1,1,20191016,20191214
884,1,1,1,1,1,0,0,20191016,20191214
885,0,0,0,0,0,0,1,20191016,20191214
886,1,1,1,1,1,1,0,20191016,20191214
887,1,1,1,1,1,1,1,20191016,20191214
888,0,0,0,0,0,0,0,20191016,20191214
889,0,0,0,0,0,0,0,20191016,20191214
890,1,1,1,1,1,0,0,20191016,20191214
891,1,0,1,0,1,0,0,20191016,20191214
892,0,1,0,1,0,0,0,20191016,20191214
893,0,0,1,0,1,0,0,20191016,20191214
894,1,1,0,1,0,0,0,20191016,20191214
895,0,1,1,1,0,0,0,20191016,20191214
896,0,0,0,0,0,0,0,20191016,20191214
897,0,1,1,1,0,0,0,20191016,20191214
898,0,1,0,1,0,0,0,20191016,20191214
899,0,0,0,0,0,0,0,20191016,20191214
900,0,0,0,0,0,0,0,20191016,20191214
901,1,0,1,0,1,0,0,20191016,20191214
902,1,0,1,1,0,0,0,20191016,20191214
903,0,0,0,0,0,0,0,20191016,20191214
904,1,1,0,1,1,0,0,20191016,20191214
905,0,0,0,0,0,0,0,20191016,20191214
906,1,1,1,1,1,0,0,20191016,20191214
907,0,0,0,0,1,1,0,20191016,20191214
908,1,1,1,1,1,1,0,20191016,20191214
909,0,0,1,0,0,0,0,20191016,20191214
910,1,1,0,1,1,0,0,20191016,20191214
911,1,1,1,1,1,1,0,20191016,20191214
912,1,1,1,1,1,0,0,20191016,20191214
913,1,0,1,1,1,1,0,20191016,20191214
914,1,1,1,1,1,1,0,20191016,20191214
915,1,1,0,1,1,1,0,20191016,20191214
916,0,0,0,0,0,1,1,20191016,20191214
917,1,1,0,1,1,0,0,20191016,20191214
918,1,1,1,1,1,0,0,20191016,20191214
919,1,1,1,1,1,0,0,20191016,20191214
920,1,1,1,1,1,1,0,20191016,20191214
921,1,1,1,1,1,1,0,20191016,20191214
922,1,1,1,1,1,1,0,20191016,20191214
923,0,0,0,0,0,0,0,20191016,20191214
924,1,1,1,1,1,1,0,20191016,20191214
925,1,1,1,1,1,0,0,20191016,20191214
926,0,0,0,0,0,0,0,20191016,20191214
927,1,1,1,1,1,1,0,20191016,20191214
928,0,0,0,0,0,1,0,20191016,20191214
929,0,0,0,0,0,0,0,20191016,20191214
930,0,0,0,0,0,0,0,20191016,20191214
931,0,0,0,0,0,0,0,20191016,20191214
932,1,1,1,1,1,0,0,20191016,20191214
933,1,1,1,1,1,1,1,20191016,20191214
934,1,1,1,1,1,1,0,20191016,20191214
935,0,0,0,0,0,0,0,20191016,20191214
936,0,0,0,0,0,0,0,20191016,20191214
937,1,1,1,1,1,0,1,20191016,20191214
938,0,0,1,1,1,1,1,20191016,20191214
939,1,1,0,0,0,0,0,20191016,20191214
940,0,0,0,0,0,0,0,20191016,20191214
941,1,1,1,1,1,1,1,20191016,20191214
942,0,0,0,0,0,0,0,20191016,20191214
943,0,0,1,1,1,1,1,20191016,20191214
944,0,0,0,0,0,0,0,20191016,20191214
945,1,1,0,0,1,0,0,20191016,20191214
946,1,1,1,0,0,0,0,20191016,20191214
947,1,1,0,0,1,1,1,20191016,20191214
948,1,1,1,1,0,0,1,20191016,20191214
949,1,1,1,1,1,0,0,20191016,20191214
950,0,0,0,0,0,0,0,20191016,20191214
951,1,1,1,1,1,1,1,20191016,20191214
952,0,0,0,0,0,0,0,20191016,20191214
953,1,1,1,1,1,0,0,20191016,20191214
954,1,1,1,1,1,1,1,20191016,20191214
955,1,1,1,1,1,1,1,20191016,20191214
956,0,0,1,1,1,1,1,20191016,20191214
957,1,1,0,0,0,0,0,20191016,20191214
958,0,0,0,0,0,0,0,20191016,20191214
959,0,0,0,0,0,0,0,20191016,20191214
960,1,1,1,1,1,0,0,20191016,20191214
961,1,1,1,1,1,0,0,20191016,20191214
962,1,1,1,1,1,1,1,20191016,20191214
963,1,1,1,1,1,1,1,20191016,20191214
964,1,1,1,1,1,1,1,20191016,20191214
965,1,1,1,1,1,0,0,20191016,20191214
966,1,1,1,1,1,1,1,20191016,20191214
967,0,0,0,0,0,0,0,20191016,20191214
968,1,1,1,1,1,1,1,20191016,20191214
969,1,1,1,1,1,0,0,20191016,20191214
970,1,0,0,0,0,0,0,20191016,20191214
971,0,1,1,1,1,0,0,20191016,20191214
972,0,0,0,0,0,0,0,20191016,20191214
973,1,1,1,1,1,0,0,20191016,20191214
974,0,0,0,0,0,0,0,20191016,20191214
975,0,0,0,0,0,0,0,20191016,20191214
976,0,0,0,0,0,0,1,20191016,20191214
977,1,1,1,1,1,0,0,20191016,20191214
978,0,0,0,0,0,1,1,20191016,20191214
979,0,0,0,0,0,0,1,20191016,20191214
980,1,1,1,1,1,0,1,20191016,20191214
981,1,1,0,1,1,0,0,20191016,20191214
982,1,1,0,1,1,1,0,20191016,20191214
983,1,1,0,1,1,1,1,20191016,20191214
984,0,0,0,0,0,0,0,20191016,20191214
985,1,1,0,1,1,0,1,20191016,20191214
986,1,1,1,1,1,1,1,20191016,20191214
987,0,0,0,0,0,0,0,20191016,20191214
988,1,1,1,1,1,1,0,20191016,20191214
989,0,0,0,0,0,0,0,20191016,20191214
990,1,1,1,1,1,0,0,20191016,20191214
991,0,0,0,0,0,0,0,20191016,20191214
992,1,1,1,1,1,1,0,20191016,20191214
993,0,0,0,0,0,0,0,20191016,20191214
994,0,0,0,0,0,0,0,20191016,20191214
995,1,1,1,1,1,0,0,20191016,20191214
996,1,1,1,1,1,1,0,20191016,20191214
997,1,1,1,1,1,1,1,20191016,20191214
998,0,0,0,0,0,0,0,20191016,20191214
999,1,1,1,1,1,1,0,20191016,20191214
1000,1,1,1,1,1,0,0,20191016,20191214
1001,1,1,1,1,1,1,0,20191016,20191214
1002,0,0,0,0,0,0,0,20191016,20191214
1003,1,1,1,1,0,0,0,20191016,20191214
1004,1,1,1,1,1,0,1,20191016,20191214
1005,1,1,1,1,0,0,1,20191016,20191214
1006,0,0,0,0,1,1,0,20191016,20191214
1007,1,1,1,1,1,0,1,20191016,20191214
1008,0,0,0,0,0,0,0,20191016,20191214
1009,0,0,0,0,0,0,0,20191016,20191214
1010,0,0,0,0,0,0,0,20191016,20191214
1011,1,1,1,1,0,0,1,20191016,20191214
1012,0,0,0,0,1,1,0,20191016,20191214
1013,0,0,0,0,0,0,0,20191016,20191214
1014,0,0,0,0,0,0,0,20191016,20191214
1015,0,0,0,0,1,1,0,20191016,20191214
1016,0,0,0,0,0,0,0,20191016,20191214
1017,1,1,0,0,0,0,0,20191016,20191214
1018,1,1,1,1,1,0,0,20191016,20191214
1019,1,1,1,1,1,1,0,20191016,20191214
1020,1,1,1,1,1,1,1,20191016,20191214
1021,1,1,0,0,0,0,0,20191016,20191214
1022,1,1,0,0,0,0,0,20191016,20191214
1023,1,1,1,1,0,1,1,20191016,20191214
1024,0,0,0,0,0,0,0,20191016,20191214
1025,1,1,1,1,1,0,0,20191016,20191214
1026,1,1,1,1,1,1,0,20191016,20191214
1027,0,0,0,0,0,0,0,20191016,20191214
1028,1,1,1,1,1,1,1,20191016,20191214
1029,1,1,1,1,0,1,1,20191016,20191214
1030,1,1,1,1,0,0,0,20191016,20191214
1031,0,0,0,0,0,0,0,20191016,20191214
1032,1,1,1,1,0,1,1,20191016,20191214
1033,1,1,1,1,0,0,1,20191016,20191214
1034,0,0,0,0,1,1,0,20191016,20191214
1035,0,0,0,0,0,0,0,20191016,20191214
1036,0,0,0,0,0,1,0,20191016,20191214
1037,0,0,0,0,0,0,0,20191016,20191214
1038,1,1,1,1,0,1,1,20191016,20191214
1039,1,1,1,1,1,0,0,20191016,20191214
1040,1,1,1,1,0,0,0,20191016,20191214
1041,0,0,0,0,0,0,0,20191016,20191214
1042,1,1,1,1,1,0,0,20191016,20191214
1043,0,0,0,0,0,0,0,20191016,20191214
1044,1,1,1,1,1,0,0,20191016,20191214
1045,0,0,0,0,0,1,0,20191016,20191214
1046,1,1,1,1,1,0,0,20191016,20191214
1047,0,0,0,0,0,1,1,20191016,20191214
1048,0,0,0,0,0,0,0,20191016,20191214
1049,1,1,1,1,0,0,1,20191016,20191214
1050,0,0,0,0,1,1,0,20191016,20191214
1051,1,1,1,1,1,1,1,20191016,20191214
1052,1,1,1,1,0,0,1,20191016,20191214
1053,0,0,0,0,1,1,1,20191016,20191214
1054,1,1,1,1,0,0,0,20191016,20191214
1055,0,0,0,0,0,0,0,20191016,20191214
1056,1,1,1,1,0,0,1,20191016,20191214
1057,1,1,1,1,1,1,0,20191016,20191214
1058,1,1,1,1,0,0,1,20191016,20191214
1059,0,0,0,0,1,1,0,20191016,20191214
1060,1,1,1,1,1,1,1,20191016,20191214
1061,0,0,0,0,0,0,0,20191016,20191214
1062,1,1,1,1,1,1,1,20191016,20191214
1063,0,0,0,0,0,0,0,20191016,20191214
1064,1,1,1,1,1,1,1,20191016,20191214
1065,0,0,0,0,0,0,0,20191016,20191214
1066,0,0,0,0,0,1,1,20191016,20191214
1067,0,0,0,0,0,0,0,20191016,20191214
1068,0,0,0,0,0,0,1,20191016,20191214
1069,1,1,1,1,1,0,0,20191016,20191214
1070,0,0,0,0,0,0,0,20191016,20191214
1071,1,1,1,1,1,1,1,20191016,20191214
1072,0,0,0,0,0,0,0,20191016,20191214
1073,1,1,1,1,0,0,1,20191016,20191214
1074,0,0,0,0,0,0,0,20191016,20191214
1075,0,0,0,0,0,0,0,20191016,20191214
1076,1,1,1,1,1,1,1,20191016,20191214
1077,0,0,0,0,0,0,0,20191016,20191214
1078,0,0,0,0,0,1,0,20191016,20191214
1079,0,0,0,0,0,1,1,20191016,20191214
1080,1,1,1,1,1,1,0,20191016,20191214
1081,1,1,1,1,1,1,1,20191016,20191214
1082,0,0,0,0,0,1,1,20191016,20191214
1083,0,0,0,0,0,0,1,20191016,20191214
1084,1,1,1,1,1,1,1,20191016,20191214
1085,0,0,0,0,0,0,0,20191016,20191214
1086,1,1,1,1,1,0,0,20191016,20191214
1087,1,1,1,1,1,1,1,20191016,20191214
1088,1,1,1,1,1,1,1,20191016,20191214
1089,1,1,1,1,1,0,1,20191016,20191214
1090,1,1,1,1,1,1,1,20191016,20191214
1091,0,0,0,0,0,0,1,20191016,20191214
1092,0,0,0,0,0,1,1,20191016,20191214
1093,0,0,0,0,0,1,1,20191016,20191214
1094,0,0,0,0,0,0,1,20191016,20191214
1095,0,0,0,0,0,0,1,20191016,20191214
1096,1,1,1,0,0,0,1,20191016,20191214
1097,1,1,1,1,0,0,0,20191016,20191214
1098,1,1,1,0,0,0,0,20191016,20191214
1099,1,1,1,0,0,0,1,20191016,20191214
1100,1,1,1,0,0,1,1,20191016,20191214
1101,0,1,1,1,1,0,0,20191016,20191214
1102,1,1,1,1,1,1,0,20191016,20191214
1103,1,1,1,0,0,0,0,20191016,20191214
1104,1,1,1,0,0,0,1,20191016,20191214
1105,1,1,1,1,1,0,1,20191016,20191214
1106,1,1,0,1,0,0,1,20191016,20191214
1107,1,1,1,0,0,0,0,20191016,20191214
1108,0,0,0,0,0,1,1,20191016,20191214
1109,1,1,1,1,1,1,1,20191016,20191214
1110,1,1,1,0,0,0,1,20191016,20191214
1111,0,0,0,0,0,0,0,20191016,20191214
1112,0,0,0,0,1,1,0,20191016,20191214
1113,1,1,1,1,0,0,1,20191016,20191214
1114,1,1,1,1,1,1,1,20191016,20191214
1115,1,1,1,1,0,0,1,20191016,20191214
1116,0,0,0,0,0,0,0,20191016,20191214
1117,1,1,1,1,1,1,1,20191016,20191214
1118,0,0,0,0,0,0,0,20191016,20191214
1119,1,1,1,1,1,0,0,20191016,20191214
1120,0,0,0,0,0,0,0,20191016,20191214
1121,0,0,0,0,0,0,0,20191016,20191214
1122,1,1,1,1,1,0,0,20191016,20191214
1123,1,1,1,1,1,1,1,20191016,20191214
1124,1,1,1,1,1,1,1,20191016,20191214
1125,1,1,1,1,0,0,0,20191016,20191214
1126,0,0,0,0,0,0,0,20191016,20191214
1127,0,0,0,0,0,0,0,20191016,20191214
1128,1,1,1,0,0,0,0,20191016,20191214
1129,0,0,0,0,0,0,0,20191016,20191214
1130,0,0,0,0,0,0,0,20191016,20191214
1131,0,0,0,0,0,0,0,20191016,20191214
1132,0,0,0,0,0,0,0,20191016,20191214
1133,0,0,0,0,0,0,0,20191016,20191214
1134,0,1,1,0,0,0,0,20191016,20191214
1135,1,1,1,0,0,0,0,20191016,20191214
1136,1,1,1,0,0,0,0,20191016,20191214
1137,0,0,0,0,0,1,0,20191016,20191214
1138,1,1,1,0,0,0,0,20191016,20191214
1139,1,1,0,1,0,0,0,20191016,20191214
1140,0,0,0,0,0,0,1,20191016,20191214
1141,0,0,0,0,0,0,0,20191016,20191214
1142,0,0,0,0,0,0,0,20191016,20191214
1143,0,0,0,0,0,1,0,20191016,20191214
1144,1,1,1,1,1,1,1,20191016,20191214
1145,0,0,0,0,0,1,1,20191016,20191214
1146,0,0,0,0,0,0,1,20191016,20191214
1147,0,0,0,0,0,1,1,20191016,20191214
1148,1,1,0,1,1,1,1,20191016,20191214
1149,1,1,0,1,1,0,0,20191016,20191214
1150,1,1,1,1,1,1,1,20191016,20191214
1151,0,0,0,0,0,0,0,20191016,20191214
1152,0,0,0,0,0,0,0,20191016,20191214
1153,1,1,1,0,0,0,0,20191016,20191214
1154,1,1,1,0,0,0,0,20191016,20191214
1155,0,0,0,0,0,1,0,20191016,20191214
1156,1,1,1,1,1,0,1,20191016,20191214
1157,1,1,1,0,0,0,0,20191016,20191214
1158,0,0,0,0,0,0,0,20191016,20191214
1159,0,1,0,1,1,0,0,20191016,20191214
1160,0,1,0,1,1,0,0,20191016,20191214
1161,0,0,0,0,0,0,1,20191016,20191214
1162,0,0,0,0,0,0,1,20191016,20191214
1163,1,1,1,1,1,1,1,20191016,20191214
1164,1,1,1,1,1,1,1,20191016,20191214
1165,0,0,0,0,0,0,0,20191016,20191214
1166,0,0,0,0,0,1,0,20191016,20191214
1167,0,0,0,0,0,0,1,20191016,20191214
1168,0,0,0,0,0,0,0,20191016,20191214
1169,0,0,0,0,0,0,0,20191016,20191214
1170,1,1,1,1,0,1,0,20191016,20191214
1171,0,0,0,0,0,0,1,20191016,20191214
1172,0,0,0,0,0,0,1,20191016,20191214
1173,1,1,1,1,1,0,1,20191016,20191214
1174,0,0,0,0,1,1,0,20191016,20191214
1175,1,1,1,1,1,1,1,20191016,20191214
1176,0,0,0,0,0,1,1,20191016,20191214
1177,0,0,0,0,0,0,1,20191016,20191214
1178,0,0,0,0,0,0,0,20191016,20191214
1179,0,0,0,0,0,0,0,20191016,20191214
1180,1,1,1,1,1,0,0,20191016,20191214
1181,1,1,1,1,1,1,0,20191016,20191214
1182,1,1,1,1,1,1,0,20191016,20191214
1183,0,0,0,0,0,0,0,20191016,20191214
1184,0,0,0,0,0,0,0,20191016,20191214
1185,0,0,0,0,0,0,0,20191016,20191214
1186,0,0,0,0,0,0,0,20191016,20191214
1187,0,0,0,0,0,0,0,20191016,20191214
1188,1,1,1,1,1,0,0,20191016,20191214
1189,0,0,0,0,0,0,0,20191016,20191214
1190,1,1,1,1,1,1,0,20191016,20191214
1191,1,1,1,1,1,0,0,20191016,20191214
1192,1,1,1,1,1,1,0,20191016,20191214
1193,0,0,0,0,0,1,1,20191016,20191214
1194,1,1,1,1,1,0,0,20191016,20191214
1195,1,1,1,1,1,0,0,20191016,20191214
1196,1,1,1,1,1,0,0,20191016,20191214
1197,0,0,0,0,0,0,0,20191016,20191214
1198,0,0,0,0,0,0,0,20191016,20191214
1199,1,1,1,1,0,0,0,20191016,20191214
1200,0,0,0,0,1,0,0,20191016,20191214
1201,1,1,0,1,0,0,0,20191016,20191214
1202,1,1,1,1,1,1,1,20191016,20191214
1203,1,1,1,1,1,1,1,20191016,20191214
1204,1,1,1,1,1,0,0,20191016,20191214
1205,1,1,0,0,1,0,1,20191016,20191214
1206,1,1,1,1,0,1,1,20191016,20191214
1207,1,1,1,1,0,1,1,20191016,20191214
1208,1,1,1,1,0,0,0,20191016,20191214
1209,1,1,0,0,1,1,0,20191016,20191214
1210,1,1,1,1,1,0,0,20191016,20191214
1211,1,1,1,1,1,0,1,20191016,20191214
1212,0,0,0,0,0,0,0,20191016,20191214
1213,0,0,0,0,0,0,0,20191016,20191214
1214,0,0,0,0,0,0,0,20191016,20191214
1215,1,1,1,1,1,1,0,20191016,20191214
1216,0,0,0,0,0,0,0,20191016,20191214
1217,0,0,0,0,0,0,0,20191016,20191214
1218,0,0,0,0,0,0,0,20191016,20191214
1219,1,0,0,0,0,0,0,20191016,20191214
1220,1,1,1,1,1,1,0,20191016,20191214
1221,1,1,1,1,0,0,1,20191016,20191214
1222,1,1,1,1,1,0,1,20191016,20191214
1223,0,0,0,0,1,0,0,20191016,20191214
1224,1,1,1,1,1,0,0,20191016,20191214
1225,1,1,1,1,0,1,1,20191016,20191214
1226,1,1,0,0,0,0,0,20191016,20191214
1227,1,1,1,1,0,0,0,20191016,20191214
1228,0,0,0,0,0,0,1,20191016,20191214
1229,1,1,0,0,0,1,1,20191016,20191214
1230,1,1,0,1,0,0,0,20191016,20191214
1231,1,1,1,1,1,1,0,20191016,20191214
1232,1,1,1,1,1,0,0,20191016,20191214
1233,0,0,0,0,0,0,0,20191016,20191214
1234,1,1,1,1,1,0,0,20191016,20191214
1235,0,0,0,0,0,0,0,20191016,20191214
1236,0,0,0,0,0,1,0,20191016,20191214
1237,1,1,1,1,1,1,0,20191016,20191214
1238,1,1,0,0,0,0,0,20191016,20191214
1239,0,0,0,0,0,0,0,20191016,20191214
1240,0,0,0,0,0,0,0,20191016,20191214
1241,0,0,0,0,0,0,0,20191016,20191214
1242,0,0,0,0,0,0,0,20191016,20191214
1243,1,1,0,0,0,0,0,20191016,20191214
1244,0,0,0,0,0,0,0,20191016,20191214
1245,1,1,1,1,1,1,1,20191016,20191214
1246,1,1,1,1,1,0,1,20191016,20191214
1247,0,0,0,0,0,0,0,20191016,20191214
1248,0,0,0,0,0,0,0,20191016,20191214
1249,0,0,0,0,1,1,0,20191016,20191214
1250,0,0,0,0,1,0,0,20191016,20191214
1251,0,0,0,0,0,0,0,20191016,20191214
1252,1,1,1,1,0,0,1,20191016,20191214
1253,1,1,1,1,0,1,1,20191016,20191214
1254,0,0,0,0,0,0,0,20191016,20191214
1255,1,1,1,1,1,0,1,20191016,20191214
1256,0,0,0,0,1,0,0,20191016,20191214
1257,0,0,0,0,0,0,0,20191016,20191214
1258,1,1,1,1,1,0,1,20191016,20191214
1259,0,0,0,0,0,0,0,20191016,20191214
1260,1,1,1,1,1,0,1,20191016,20191214
1261,0,0,0,0,0,0,0,20191016,20191214
1262,1,1,1,1,1,0,0,20191016,20191214
1263,0,0,0,0,0,0,0,20191016,20191214
1264,1,1,1,1,1,0,1,20191016,20191214
1265,1,1,1,1,1,1,0,20191016,20191214
1266,1,1,1,1,1,1,1,20191016,20191214
1267,0,0,0,0,0,1,1,20191016,20191214
1268,1,1,1,1,1,0,0,20191016,20191214
1269,1,1,1,1,1,1,1,20191016,20191214
1270,1,1,1,1,1,1,1,20191016,20191214
1271,1,1,1,1,1,1,1,20191016,20191214
1272,1,1,1,1,1,1,0,20191016,20191214
1273,1,1,1,1,1,1,0,20191016,20191214
1274,1,1,1,1,1,1,0,20191016,20191214
1275,0,0,0,0,0,0,0,20191016,20191214
1276,0,0,0,0,0,0,0,20191016,20191214
1277,1,1,1,1,1,1,1,20191016,20191214
1278,0,0,0,0,0,0,0,20191016,20191214
1279,0,0,0,0,0,0,0,20191016,20191214
1280,0,0,0,0,0,0,0,20191016,20191214
1281,0,0,0,0,0,0,0,20191016,20191214
1282,0,0,0,0,0,0,0,20191016,20191214
1283,0,0,0,0,0,1,1,20191016,20191214
1284,0,0,0,0,0,0,1,20191016,20191214
1285,1,1,1,1,1,1,0,20191016,20191214
1286,0,0,0,0,1,1,0,20191016,20191214
1287,0,0,0,0,0,0,0,20191016,20191214
1288,0,0,0,0,0,0,0,20191016,20191214
1289,0,0,0,0,0,0,0,20191016,20191214
1290,0,0,0,0,0,0,0,20191016,20191214
1291,0,0,0,0,0,0,0,20191016,20191214
1292,1,1,1,1,0,0,1,20191016,20191214
1293,0,0,0,0,0,0,0,20191016,20191214
1294,0,1,1,1,1,0,0,20191016,20191214
1295,0,0,0,0,0,0,1,20191016,20191214
1296,0,0,0,0,1,1,0,20191016,20191214
1297,0,0,0,0,0,0,0,20191016,20191214
1298,0,0,0,0,0,0,0,20191016,20191214
1299,0,0,0,0,0,0,0,20191016,20191214
1300,0,0,0,0,0,0,0,20191016,20191214
1301,1,0,1,0,1,0,0,20191016,20191214
1302,0,0,0,0,0,0,0,20191016,20191214
1303,0,1,0,1,0,0,0,20191016,20191214
1304,0,1,0,1,0,0,0,20191016,20191214
1305,1,0,1,0,1,0,0,20191016,20191214
1306,0,0,1,0,0,0,0,20191016,20191214
1307,0,0,0,0,0,0,0,20191016,20191214
1308,1,1,1,1,0,0,0,20191016,20191214
1309,0,0,0,0,0,0,0,20191016,20191214
1310,0,0,0,0,0,0,0,20191016,20191214
1311,0,0,0,0,0,0,0,20191016,20191214
1312,0,0,0,0,0,0,0,20191016,20191214
1313,0,0,0,0,0,1,1,20191016,20191214
1314,0,0,0,0,0,0,0,20191016,20191214
1315,0,0,0,0,0,0,1,20191016,20191214
1316,1,0,0,1,0,0,0,20191016,20191214
1317,1,0,0,1,0,0,0,20191016,20191214
1318,0,1,0,0,1,0,0,20191016,20191214
1319,1,0,1,0,1,0,0,20191016,20191214
1320,1,0,1,0,1,0,0,20191016,20191214
1321,0,0,0,0,0,0,0,20191016,20191214
1322,0,0,0,0,0,0,0,20191016,20191214
1323,0,0,0,0,0,0,0,20191016,20191214
1324,1,1,1,1,1,1,1,20191016,20191214
1325,1,1,1,1,1,0,0,20191016,20191214
1326,1,1,1,1,1,1,1,20191016,20191214
1327,0,0,0,0,0,0,0,20191016,20191214
1328,1,1,1,1,1,1,1,20191016,20191214
1329,1,1,1,1,1,1,1,20191016,20191214
1330,1,1,1,1,1,1,1,20191016,20191214
1331,0,0,0,0,0,0,0,20191016,20191214
1332,0,0,0,0,0,0,0,20191016,20191214
1333,1,1,1,1,1,1,1,20191016,20191214
1334,0,0,0,0,0,0,0,20191016,20191214
1335,1,1,1,1,1,0,0,20191016,20191214
1336,1,1,1,1,1,1,1,20191016,20191214
1337,1,1,1,1,1,1,1,20191016,20191214
1338,0,0,0,0,0,0,0,20191016,20191214
1339,1,1,0,0,1,0,0,20191016,20191214
1340,1,1,1,1,1,1,1,20191016,20191214
1341,0,0,0,0,0,1,1,20191016,20191214
1342,1,1,1,1,1,1,1,20191016,20191214
1343,0,0,0,0,0,0,0,20191016,20191214
1344,1,1,1,1,1,1,0,20191016,20191214
1345,1,1,1,1,1,0,0,20191016,20191214
1346,0,0,1,0,0,0,0,20191016,20191214
1347,1,1,1,1,1,0,0,20191016,20191214
1348,0,1,0,1,1,0,0,20191016,20191214
1349,0,1,0,0,1,0,0,20191016,20191214
1350,0,0,0,0,0,1,1,20191016,20191214
1351,1,1,1,1,1,1,0,20191016,20191214
1352,1,1,1,1,1,0,1,20191016,20191214
1353,0,0,0,1,0,0,0,20191016,20191214
1354,1,1,1,0,1,0,0,20191016,20191214
1355,1,1,1,0,0,0,0,20191016,20191214
1356,0,0,0,1,1,0,0,20191016,20191214
1357,0,0,0,0,1,0,1,20191016,20191214
1358,1,1,1,1,0,1,0,20191016,20191214
1359,1,1,0,0,0,0,0,20191016,20191214
1360,0,0,1,1,1,0,0,20191016,20191214
1361,0,0,0,1,1,0,0,20191016,20191214
1362,0,0,0,1,1,0,0,20191016,20191214
1363,1,1,1,0,0,0,0,20191016,20191214
1364,1,1,1,1,1,1,1,20191016,20191214
1365,0,0,0,0,0,0,0,20191016,20191214
1366,1,1,1,1,0,0,1,20191016,20191214
1367,0,0,0,0,1,1,0,20191016,20191214
1368,0,0,0,0,0,0,1,20191016,20191214
1369,0,0,0,0,0,0,1,20191016,20191214
1370,0,0,0,0,0,0,0,20191016,20191214
1371,0,0,0,0,0,0,0,20191016,20191214
1372,1,1,1,1,1,0,0,20191016,20191214
1373,1,1,1,1,1,0,0,20191016,20191214
1374,0,0,0,0,1,0,0,20191016,20191214
1375,0,0,0,0,1,1,0,20191016,20191214
1376,1,1,1,1,1,1,1,20191016,20191214
1377,0,0,0,0,1,0,0,20191016,20191214
1378,1,1,1,1,1,1,0,20191016,20191214
1379,0,0,0,0,0,1,0,20191016,20191214
1380,1,1,1,1,1,1,1,20191016,20191214
1381,0,0,0,0,0,1,1,20191016,20191214
1382,0,0,0,0,0,1,1,20191016,20191214
1383,1,1,1,1,1,0,0,20191016,20191214
1384,0,0,0,0,0,0,1,20191016,20191214
1385,1,1,1,1,1,0,1,20191016,20191214
1386,1,1,1,1,1,1,0,20191016,20191214
1387,0,0,0,0,0,1,1,20191016,20191214
1388,0,0,0,0,0,1,1,20191016,20191214
1389,1,1,1,1,1,1,1,20191016,20191214
1390,0,0,0,0,0,0,1,20191016,20191214
1391,0,0,0,0,0,1,1,20191016,20191214
1392,0,0,0,0,0,1,1,20191016,20191214
1393,0,0,0,0,0,1,0,20191016,20191214
1394,0,0,0,0,0,0,1,20191016,20191214
1395,0,0,0,0,0,1,1,20191016,20191214
1396,0,0,0,0,0,1,0,20191016,20191214
1397,0,0,0,0,0,0,1,20191016,20191214
1398,1,1,1,1,1,1,1,20191016,20191214
1399,0,0,0,0,1,1,0,20191016,20191214
1400,0,0,0,0,0,1,0,20191016,20191214
1401,1,1,1,1,0,0,1,20191016,20191214
1402,0,0,0,0,1,1,0,20191016,20191214
1403,0,0,0,0,0,1,0,20191016,20191214
1404,1,1,1,1,0,0,0,20191016,20191214
1405,0,0,0,0,1,1,1,20191016,20191214
1406,1,1,1,1,1,0,1,20191016,20191214
1407,0,0,0,0,1,1,1,20191016,20191214
1408,1,1,1,1,1,0,1,20191016,20191214
1409,0,0,0,0,0,1,1,20191016,20191214
1410,1,1,1,1,1,0,0,20191016,20191214
